0.0,-0.34780705589740646,-0.34921063415507847,-0.3486504213196301,-0.34850780536936754,-0.34719176209151853,-0.34893449239391805,-0.348369121167308,-0.34824626431455064,-0.34616179850986073,-0.005675751363271253
-0.34780705589740646,-0.34921063415507847,-0.3486504213196301,-0.34850780536936754,-0.34719176209151853,-0.34893449239391805,-0.348369121167308,-0.34824626431455064,-0.34616179850986073,-0.3452314267754908,-0.015167541734044054
-0.34921063415507847,-0.3486504213196301,-0.34850780536936754,-0.34719176209151853,-0.34893449239391805,-0.348369121167308,-0.34824626431455064,-0.34616179850986073,-0.3452314267754908,-0.3447001701625698,-0.021723925622336104
-0.3486504213196301,-0.34850780536936754,-0.34719176209151853,-0.34893449239391805,-0.348369121167308,-0.34824626431455064,-0.34616179850986073,-0.3452314267754908,-0.3447001701625698,-0.3434789863300113,-0.03224191613461147
-0.34850780536936754,-0.34719176209151853,-0.34893449239391805,-0.348369121167308,-0.34824626431455064,-0.34616179850986073,-0.3452314267754908,-0.3447001701625698,-0.3434789863300113,-0.3475996112053589,-0.007274004332670947
-0.34719176209151853,-0.34893449239391805,-0.348369121167308,-0.34824626431455064,-0.34616179850986073,-0.3452314267754908,-0.3447001701625698,-0.3434789863300113,-0.3475996112053589,-0.34822966068789674,-0.005136394595669669
-0.34893449239391805,-0.348369121167308,-0.34824626431455064,-0.34616179850986073,-0.3452314267754908,-0.3447001701625698,-0.3434789863300113,-0.3475996112053589,-0.34822966068789674,0.04984284558927532,-0.026111740610337664
-0.348369121167308,-0.34824626431455064,-0.34616179850986073,-0.3452314267754908,-0.3447001701625698,-0.3434789863300113,-0.3475996112053589,-0.34822966068789674,0.04984284558927532,0.05035118637648939,-0.03311662378833763
-0.34824626431455064,-0.34616179850986073,-0.3452314267754908,-0.3447001701625698,-0.3434789863300113,-0.3475996112053589,-0.34822966068789674,0.04984284558927532,0.05035118637648939,0.44403813918111784,-0.033546453693407974
-0.34616179850986073,-0.3452314267754908,-0.3447001701625698,-0.3434789863300113,-0.3475996112053589,-0.34822966068789674,0.04984284558927532,0.05035118637648939,0.44403813918111784,0.444398004794128,-0.022380974861407943
-0.3452314267754908,-0.3447001701625698,-0.3434789863300113,-0.3475996112053589,-0.34822966068789674,0.04984284558927532,0.05035118637648939,0.44403813918111784,0.444398004794128,0.4443955370402917,-0.022470484250407985
-0.3447001701625698,-0.3434789863300113,-0.3475996112053589,-0.34822966068789674,0.04984284558927532,0.05035118637648939,0.44403813918111784,0.444398004794128,0.4443955370402917,0.4431213561735628,-0.05296772693640797
-0.3434789863300113,-0.3475996112053589,-0.34822966068789674,0.04984284558927532,0.05035118637648939,0.44403813918111784,0.444398004794128,0.4443955370402917,0.4431213561735628,0.44312539755579367,-0.05289833892040796
-0.3475996112053589,-0.34822966068789674,0.04984284558927532,0.05035118637648939,0.44403813918111784,0.444398004794128,0.4443955370402917,0.4431213561735628,0.44312539755579367,0.44340043375505866,-0.04791029803640798
-0.34822966068789674,0.04984284558927532,0.05035118637648939,0.44403813918111784,0.444398004794128,0.4443955370402917,0.4431213561735628,0.44312539755579367,0.44340043375505866,0.44385797640200014,-0.034119517026738766
0.04984284558927532,0.05035118637648939,0.44403813918111784,0.444398004794128,0.4443955370402917,0.4431213561735628,0.44312539755579367,0.44340043375505866,0.44385797640200014,0.4436897687968036,-0.033977006551778044
0.05035118637648939,0.44403813918111784,0.444398004794128,0.4443955370402917,0.4431213561735628,0.44312539755579367,0.44340043375505866,0.44385797640200014,0.4436897687968036,0.4430013803290863,-0.04297273945932692
0.44403813918111784,0.444398004794128,0.4443955370402917,0.4431213561735628,0.44312539755579367,0.44340043375505866,0.44385797640200014,0.4436897687968036,0.4430013803290863,0.4421922541879923,-0.0506897980152686
0.444398004794128,0.4443955370402917,0.4431213561735628,0.44312539755579367,0.44340043375505866,0.44385797640200014,0.4436897687968036,0.4430013803290863,0.4421922541879923,0.4425053176961153,-0.04248749650222511
0.4443955370402917,0.4431213561735628,0.44312539755579367,0.44340043375505866,0.44385797640200014,0.4436897687968036,0.4430013803290863,0.4421922541879923,0.4425053176961153,0.44245305027113896,-0.03921462975757212
0.4431213561735628,0.44312539755579367,0.44340043375505866,0.44385797640200014,0.4436897687968036,0.4430013803290863,0.4421922541879923,0.4425053176961153,0.44245305027113896,0.44247617450551485,-0.034895049076149265
0.44312539755579367,0.44340043375505866,0.44385797640200014,0.4436897687968036,0.4430013803290863,0.4421922541879923,0.4425053176961153,0.44245305027113896,0.44247617450551485,0.4426137121328323,-0.02894584014340451
0.44340043375505866,0.44385797640200014,0.4436897687968036,0.4430013803290863,0.4421922541879923,0.4425053176961153,0.44245305027113896,0.44247617450551485,0.4426137121328323,0.4438724084805407,-0.0017686644711690236
0.44385797640200014,0.4436897687968036,0.4430013803290863,0.4421922541879923,0.4425053176961153,0.44245305027113896,0.44247617450551485,0.4426137121328323,0.4438724084805407,0.44373526866660795,-9.719413807761645E-4
0.4436897687968036,0.4430013803290863,0.4421922541879923,0.4425053176961153,0.44245305027113896,0.44247617450551485,0.4426137121328323,0.4438724084805407,0.44373526866660795,0.4424702614413531,-0.018992769403827325
0.4430013803290863,0.4421922541879923,0.4425053176961153,0.44245305027113896,0.44247617450551485,0.4426137121328323,0.4438724084805407,0.44373526866660795,0.4424702614413531,0.44336215977608806,-6.502990235788819E-4
0.4421922541879923,0.4425053176961153,0.44245305027113896,0.44247617450551485,0.4426137121328323,0.4438724084805407,0.44373526866660795,0.4424702614413531,0.44336215977608806,0.4434729589509953,0.005480643565314608
0.4425053176961153,0.44245305027113896,0.44247617450551485,0.4426137121328323,0.4438724084805407,0.44373526866660795,0.4424702614413531,0.44336215977608806,0.4434729589509953,0.4430504787322536,0.001798990618092633
0.44245305027113896,0.44247617450551485,0.4426137121328323,0.4438724084805407,0.44373526866660795,0.4424702614413531,0.44336215977608806,0.4434729589509953,0.4430504787322536,0.11234631083780877,-0.012788176161117909
0.44247617450551485,0.4426137121328323,0.4438724084805407,0.44373526866660795,0.4424702614413531,0.44336215977608806,0.4434729589509953,0.4430504787322536,0.11234631083780877,0.11579479688188332,-0.024933958355117913
0.4426137121328323,0.4438724084805407,0.44373526866660795,0.4424702614413531,0.44336215977608806,0.4434729589509953,0.4430504787322536,0.11234631083780877,0.11579479688188332,0.11938251105770314,-0.035048528704799686
0.4438724084805407,0.44373526866660795,0.4424702614413531,0.44336215977608806,0.4434729589509953,0.4430504787322536,0.11234631083780877,0.11579479688188332,0.11938251105770314,0.11965855583905027,-0.03486212805514932
0.44373526866660795,0.4424702614413531,0.44336215977608806,0.4434729589509953,0.4430504787322536,0.11234631083780877,0.11579479688188332,0.11938251105770314,0.11965855583905027,0.12321106226752065,-0.043535489996393645
0.4424702614413531,0.44336215977608806,0.4434729589509953,0.4430504787322536,0.11234631083780877,0.11579479688188332,0.11938251105770314,0.11965855583905027,0.12321106226752065,-0.06226016249169841,-0.04613363497151782
0.44336215977608806,0.4434729589509953,0.4430504787322536,0.11234631083780877,0.11579479688188332,0.11938251105770314,0.11965855583905027,0.12321106226752065,-0.06226016249169841,0.23374599233411714,-0.03216651923097297
0.4434729589509953,0.4430504787322536,0.11234631083780877,0.11579479688188332,0.11938251105770314,0.11965855583905027,0.12321106226752065,-0.06226016249169841,0.23374599233411714,0.24171174867866985,-0.04903048546497296
0.4430504787322536,0.11234631083780877,0.11579479688188332,0.11938251105770314,0.11965855583905027,0.12321106226752065,-0.06226016249169841,0.23374599233411714,0.24171174867866985,0.24323239770393118,-0.05013532769365725
0.11234631083780877,0.11579479688188332,0.11938251105770314,0.11965855583905027,0.12321106226752065,-0.06226016249169841,0.23374599233411714,0.24171174867866985,0.24323239770393118,0.2340009185168062,-0.028753262229474552
0.11579479688188332,0.11938251105770314,0.11965855583905027,0.12321106226752065,-0.06226016249169841,0.23374599233411714,0.24171174867866985,0.24323239770393118,0.2340009185168062,0.23062720641237067,-0.019186343297384167
0.11938251105770314,0.11965855583905027,0.12321106226752065,-0.06226016249169841,0.23374599233411714,0.24171174867866985,0.24323239770393118,0.2340009185168062,0.23062720641237067,0.23948687646053918,-0.03646952736648709
0.11965855583905027,0.12321106226752065,-0.06226016249169841,0.23374599233411714,0.24171174867866985,0.24323239770393118,0.2340009185168062,0.23062720641237067,0.23948687646053918,0.2430925718500615,-0.041848664250463324
0.12321106226752065,-0.06226016249169841,0.23374599233411714,0.24171174867866985,0.24323239770393118,0.2340009185168062,0.23062720641237067,0.23948687646053918,0.2430925718500615,0.24155023746586496,-0.036693835359055044
-0.06226016249169841,0.23374599233411714,0.24171174867866985,0.24323239770393118,0.2340009185168062,0.23062720641237067,0.23948687646053918,0.2430925718500615,0.24155023746586496,0.2436959420953248,-0.03902194140859025
0.23374599233411714,0.24171174867866985,0.24323239770393118,0.2340009185168062,0.23062720641237067,0.23948687646053918,0.2430925718500615,0.24155023746586496,0.2436959420953248,0.25009886736074827,-0.04968680159365202
0.24171174867866985,0.24323239770393118,0.2340009185168062,0.23062720641237067,0.23948687646053918,0.2430925718500615,0.24155023746586496,0.2436959420953248,0.25009886736074827,0.24175964505539782,-0.031021603154118227
0.24323239770393118,0.2340009185168062,0.23062720641237067,0.23948687646053918,0.2430925718500615,0.24155023746586496,0.2436959420953248,0.25009886736074827,0.24175964505539782,0.05108871321397207,-0.032514003439567146
0.2340009185168062,0.23062720641237067,0.23948687646053918,0.2430925718500615,0.24155023746586496,0.2436959420953248,0.25009886736074827,0.24175964505539782,0.05108871321397207,0.04945206669461705,-0.03149691231256713
0.23062720641237067,0.23948687646053918,0.2430925718500615,0.24155023746586496,0.2436959420953248,0.25009886736074827,0.24175964505539782,0.05108871321397207,0.04945206669461705,0.055035999059383556,-0.0348945675945021
0.23948687646053918,0.2430925718500615,0.24155023746586496,0.2436959420953248,0.25009886736074827,0.24175964505539782,0.05108871321397207,0.04945206669461705,0.055035999059383556,-0.12809013749594578,-0.04501123006688676
0.2430925718500615,0.24155023746586496,0.2436959420953248,0.25009886736074827,0.24175964505539782,0.05108871321397207,0.04945206669461705,0.055035999059383556,-0.12809013749594578,0.17630927913631095,-0.03405696476889025
0.24155023746586496,0.2436959420953248,0.25009886736074827,0.24175964505539782,0.05108871321397207,0.04945206669461705,0.055035999059383556,-0.12809013749594578,0.17630927913631095,0.1828831763257,-0.03697197128789026
0.2436959420953248,0.25009886736074827,0.24175964505539782,0.05108871321397207,0.04945206669461705,0.055035999059383556,-0.12809013749594578,0.17630927913631095,0.1828831763257,0.1751829512967928,-0.03257126063674465
0.25009886736074827,0.24175964505539782,0.05108871321397207,0.04945206669461705,0.055035999059383556,-0.12809013749594578,0.17630927913631095,0.1828831763257,0.1751829512967928,0.17894848748974412,-0.03325804156461265
0.24175964505539782,0.05108871321397207,0.04945206669461705,0.055035999059383556,-0.12809013749594578,0.17630927913631095,0.1828831763257,0.1751829512967928,0.17894848748974412,0.19828789447937978,-0.040601618636447706
0.05108871321397207,0.04945206669461705,0.055035999059383556,-0.12809013749594578,0.17630927913631095,0.1828831763257,0.1751829512967928,0.17894848748974412,0.19828789447937978,0.19586241765515044,-0.038550782280142026
0.04945206669461705,0.055035999059383556,-0.12809013749594578,0.17630927913631095,0.1828831763257,0.1751829512967928,0.17894848748974412,0.19828789447937978,0.19586241765515044,0.5046062943623143,-0.016512413515136964
0.055035999059383556,-0.12809013749594578,0.17630927913631095,0.1828831763257,0.1751829512967928,0.17894848748974412,0.19828789447937978,0.19586241765515044,0.5046062943623143,0.5030248237103445,-0.015300962292136955
-0.12809013749594578,0.17630927913631095,0.1828831763257,0.1751829512967928,0.17894848748974412,0.19828789447937978,0.19586241765515044,0.5046062943623143,0.5030248237103445,0.5104482137425186,-0.016629075729849008
0.17630927913631095,0.1828831763257,0.1751829512967928,0.17894848748974412,0.19828789447937978,0.19586241765515044,0.5046062943623143,0.5030248237103445,0.5104482137425186,0.4993023172714096,-0.003691817943305753
0.1828831763257,0.1751829512967928,0.17894848748974412,0.19828789447937978,0.19586241765515044,0.5046062943623143,0.5030248237103445,0.5104482137425186,0.4993023172714096,0.4984254498582553,0.0014341794569758815
0.1751829512967928,0.17894848748974412,0.19828789447937978,0.19586241765515044,0.5046062943623143,0.5030248237103445,0.5104482137425186,0.4993023172714096,0.4984254498582553,0.4950085058802227,0.008576757930871454
0.17894848748974412,0.19828789447937978,0.19586241765515044,0.5046062943623143,0.5030248237103445,0.5104482137425186,0.4993023172714096,0.4984254498582553,0.4950085058802227,0.4891406335077284,0.017705071853481996
0.19828789447937978,0.19586241765515044,0.5046062943623143,0.5030248237103445,0.5104482137425186,0.4993023172714096,0.4984254498582553,0.4950085058802227,0.4891406335077284,0.4850418731359114,0.025544910980758895
0.19586241765515044,0.5046062943623143,0.5030248237103445,0.5104482137425186,0.4993023172714096,0.4984254498582553,0.4950085058802227,0.4891406335077284,0.4850418731359114,0.10281497108462445,0.02519818024644019
0.5046062943623143,0.5030248237103445,0.5104482137425186,0.4993023172714096,0.4984254498582553,0.4950085058802227,0.4891406335077284,0.4850418731359114,0.10281497108462445,0.0696002992168202,0.048386897586440186
0.5030248237103445,0.5104482137425186,0.4993023172714096,0.4984254498582553,0.4950085058802227,0.4891406335077284,0.4850418731359114,0.10281497108462445,0.0696002992168202,0.061702719400990924,0.05574576634608561
0.5104482137425186,0.4993023172714096,0.4984254498582553,0.4950085058802227,0.4891406335077284,0.4850418731359114,0.10281497108462445,0.0696002992168202,0.061702719400990924,0.047277936517549746,0.06883847008515923
0.4993023172714096,0.4984254498582553,0.4950085058802227,0.4891406335077284,0.4850418731359114,0.10281497108462445,0.0696002992168202,0.061702719400990924,0.047277936517549746,-0.30979429868684055,0.07717842079177009
0.4984254498582553,0.4950085058802227,0.4891406335077284,0.4850418731359114,0.10281497108462445,0.0696002992168202,0.061702719400990924,0.047277936517549746,-0.30979429868684055,-0.29207559391969584,0.06692975131577009
0.4950085058802227,0.4891406335077284,0.4850418731359114,0.10281497108462445,0.0696002992168202,0.061702719400990924,0.047277936517549746,-0.30979429868684055,-0.29207559391969584,-0.5866670613896219,0.03216219577137008
0.4891406335077284,0.4850418731359114,0.10281497108462445,0.0696002992168202,0.061702719400990924,0.047277936517549746,-0.30979429868684055,-0.29207559391969584,-0.5866670613896219,-0.5617800662752783,0.023715342475370077
0.4850418731359114,0.10281497108462445,0.0696002992168202,0.061702719400990924,0.047277936517549746,-0.30979429868684055,-0.29207559391969584,-0.5866670613896219,-0.5617800662752783,-0.5673387025224935,0.025547420426370093
0.10281497108462445,0.0696002992168202,0.061702719400990924,0.047277936517549746,-0.30979429868684055,-0.29207559391969584,-0.5866670613896219,-0.5617800662752783,-0.5673387025224935,-0.5525239572677358,0.02072955855837008
0.0696002992168202,0.061702719400990924,0.047277936517549746,-0.30979429868684055,-0.29207559391969584,-0.5866670613896219,-0.5617800662752783,-0.5673387025224935,-0.5525239572677358,-0.6019356432533237,0.03767951609437009
0.061702719400990924,0.047277936517549746,-0.30979429868684055,-0.29207559391969584,-0.5866670613896219,-0.5617800662752783,-0.5673387025224935,-0.5525239572677358,-0.6019356432533237,-0.6240540501024217,0.046188976461370074
0.047277936517549746,-0.30979429868684055,-0.29207559391969584,-0.5866670613896219,-0.5617800662752783,-0.5673387025224935,-0.5525239572677358,-0.6019356432533237,-0.6240540501024217,-0.6176044526581672,0.04364002374737008
-0.30979429868684055,-0.29207559391969584,-0.5866670613896219,-0.5617800662752783,-0.5673387025224935,-0.5525239572677358,-0.6019356432533237,-0.6240540501024217,-0.6176044526581672,-0.5871087550556398,0.027988509177952092
-0.29207559391969584,-0.5866670613896219,-0.5617800662752783,-0.5673387025224935,-0.5525239572677358,-0.6019356432533237,-0.6240540501024217,-0.6176044526581672,-0.5871087550556398,-0.5900869150413197,0.024571287713304385
-0.5866670613896219,-0.5617800662752783,-0.5673387025224935,-0.5525239572677358,-0.6019356432533237,-0.6240540501024217,-0.6176044526581672,-0.5871087550556398,-0.5900869150413197,-0.08842139591429604,-0.006466468588513907
-0.5617800662752783,-0.5673387025224935,-0.5525239572677358,-0.6019356432533237,-0.6240540501024217,-0.6176044526581672,-0.5871087550556398,-0.5900869150413197,-0.08842139591429604,0.31603355359122637,-0.01240680116045606
-0.5673387025224935,-0.5525239572677358,-0.6019356432533237,-0.6240540501024217,-0.6176044526581672,-0.5871087550556398,-0.5900869150413197,-0.08842139591429604,0.31603355359122637,0.3444320601051087,-0.01996544445545606
-0.5525239572677358,-0.6019356432533237,-0.6240540501024217,-0.6176044526581672,-0.5871087550556398,-0.5900869150413197,-0.08842139591429604,0.31603355359122637,0.3444320601051087,0.29891191146720697,-0.007631104828456053
-0.6019356432533237,-0.6240540501024217,-0.6176044526581672,-0.5871087550556398,-0.5900869150413197,-0.08842139591429604,0.31603355359122637,0.3444320601051087,0.29891191146720697,0.28624338543346617,-0.003979137912456049
-0.6240540501024217,-0.6176044526581672,-0.5871087550556398,-0.5900869150413197,-0.08842139591429604,0.31603355359122637,0.3444320601051087,0.29891191146720697,0.28624338543346617,-0.11224272647027794,2.2284714044554232E-4
-0.6176044526581672,-0.5871087550556398,-0.5900869150413197,-0.08842139591429604,0.31603355359122637,0.3444320601051087,0.29891191146720697,0.28624338543346617,-0.11224272647027794,-0.12207965481267824,0.003016854426445531
-0.5871087550556398,-0.5900869150413197,-0.08842139591429604,0.31603355359122637,0.3444320601051087,0.29891191146720697,0.28624338543346617,-0.11224272647027794,-0.12207965481267824,-0.1475051768439285,0.01057072150644553
-0.5900869150413197,-0.08842139591429604,0.31603355359122637,0.3444320601051087,0.29891191146720697,0.28624338543346617,-0.11224272647027794,-0.12207965481267824,-0.1475051768439285,-0.12305215679027348,0.0032967978734455283
-0.08842139591429604,0.31603355359122637,0.3444320601051087,0.29891191146720697,0.28624338543346617,-0.11224272647027794,-0.12207965481267824,-0.1475051768439285,-0.12305215679027348,-0.11852133403199772,0.0019983319364455243
0.31603355359122637,0.3444320601051087,0.29891191146720697,0.28624338543346617,-0.11224272647027794,-0.12207965481267824,-0.1475051768439285,-0.12305215679027348,-0.11852133403199772,-0.1085073378328753,-8.206432165544508E-4
0.3444320601051087,0.29891191146720697,0.28624338543346617,-0.11224272647027794,-0.12207965481267824,-0.1475051768439285,-0.12305215679027348,-0.11852133403199772,-0.1085073378328753,-0.1548238263840751,0.01284116477544553
0.0,0.39587906999455574,0.3948746963153772,0.39472925146369175,0.39513327092709344,0.39640756590073273,0.39675872099405374,0.3946598268288387,0.39306312015229994,0.3910621306034813,-0.03512975499556703
0.39587906999455574,0.3948746963153772,0.39472925146369175,0.39513327092709344,0.39640756590073273,0.39675872099405374,0.3946598268288387,0.39306312015229994,0.3910621306034813,0.38806146314110435,-0.05050520685706622
0.3948746963153772,0.39472925146369175,0.39513327092709344,0.39640756590073273,0.39675872099405374,0.3946598268288387,0.39306312015229994,0.3910621306034813,0.38806146314110435,0.38837356468969714,-0.045204613637834484
0.39472925146369175,0.39513327092709344,0.39640756590073273,0.39675872099405374,0.3946598268288387,0.39306312015229994,0.3910621306034813,0.38806146314110435,0.38837356468969714,0.38600375040658735,-0.05396289214940381
0.39513327092709344,0.39640756590073273,0.39675872099405374,0.3946598268288387,0.39306312015229994,0.3910621306034813,0.38806146314110435,0.38837356468969714,0.38600375040658735,0.3858702627869711,-0.051050380702180764
0.39640756590073273,0.39675872099405374,0.3946598268288387,0.39306312015229994,0.3910621306034813,0.38806146314110435,0.38837356468969714,0.38600375040658735,0.3858702627869711,0.386097952351715,-0.046425367231747505
0.39675872099405374,0.3946598268288387,0.39306312015229994,0.3910621306034813,0.38806146314110435,0.38837356468969714,0.38600375040658735,0.3858702627869711,0.386097952351715,0.3846486436779539,-0.04950743010519168
0.3946598268288387,0.39306312015229994,0.3910621306034813,0.38806146314110435,0.38837356468969714,0.38600375040658735,0.3858702627869711,0.386097952351715,0.3846486436779539,0.3848975145388942,-0.04487938473490535
0.39306312015229994,0.3910621306034813,0.38806146314110435,0.38837356468969714,0.38600375040658735,0.3858702627869711,0.386097952351715,0.3846486436779539,0.3848975145388942,0.3807911875968983,-0.057463960662390734
0.3910621306034813,0.38806146314110435,0.38837356468969714,0.38600375040658735,0.3858702627869711,0.386097952351715,0.3846486436779539,0.3848975145388942,0.3807911875968983,0.3844559108835426,-0.039747640687718244
0.38806146314110435,0.38837356468969714,0.38600375040658735,0.3858702627869711,0.386097952351715,0.3846486436779539,0.3848975145388942,0.3807911875968983,0.3844559108835426,0.38446183037241044,-0.03619863701439249
0.38837356468969714,0.38600375040658735,0.3858702627869711,0.386097952351715,0.3846486436779539,0.3848975145388942,0.3807911875968983,0.3844559108835426,0.38446183037241044,0.3868371455563599,-0.02161335658550101
0.38600375040658735,0.3858702627869711,0.386097952351715,0.3846486436779539,0.3848975145388942,0.3807911875968983,0.3844559108835426,0.38446183037241044,0.3868371455563599,0.3854329966562881,-0.02485115969014412
0.3858702627869711,0.386097952351715,0.3846486436779539,0.3848975145388942,0.3807911875968983,0.3844559108835426,0.38446183037241044,0.3868371455563599,0.3854329966562881,0.3852602633731523,-0.022128326068273613
0.386097952351715,0.3846486436779539,0.3848975145388942,0.3807911875968983,0.3844559108835426,0.38446183037241044,0.3868371455563599,0.3854329966562881,0.3852602633731523,0.3836122776681007,-0.025713472627204692
0.3846486436779539,0.3848975145388942,0.3807911875968983,0.3844559108835426,0.38446183037241044,0.3868371455563599,0.3854329966562881,0.3852602633731523,0.3836122776681007,0.38515160687387956,-0.01561410014120429
0.3848975145388942,0.3807911875968983,0.3844559108835426,0.38446183037241044,0.3868371455563599,0.3854329966562881,0.3852602633731523,0.3836122776681007,0.38515160687387956,0.38950048883186816,0.010833804039295375
0.3807911875968983,0.3844559108835426,0.38446183037241044,0.3868371455563599,0.3854329966562881,0.3852602633731523,0.3836122776681007,0.38515160687387956,0.38950048883186816,0.3832076328711475,-0.01686504329583799
0.3844559108835426,0.38446183037241044,0.3868371455563599,0.3854329966562881,0.3852602633731523,0.3836122776681007,0.38515160687387956,0.38950048883186816,0.3832076328711475,0.38326527466890914,-0.013152006854138254
0.38446183037241044,0.3868371455563599,0.3854329966562881,0.3852602633731523,0.3836122776681007,0.38515160687387956,0.38950048883186816,0.3832076328711475,0.38326527466890914,0.3752929204525227,-0.03576807777140381
0.3868371455563599,0.3854329966562881,0.3852602633731523,0.3836122776681007,0.38515160687387956,0.38950048883186816,0.3832076328711475,0.38326527466890914,0.3752929204525227,0.37054695320883746,-0.04395357456586291
0.3854329966562881,0.3852602633731523,0.3836122776681007,0.38515160687387956,0.38950048883186816,0.3832076328711475,0.38326527466890914,0.3752929204525227,0.37054695320883746,0.36747905352322063,-0.0469999119769238
0.3852602633731523,0.3836122776681007,0.38515160687387956,0.38950048883186816,0.3832076328711475,0.38326527466890914,0.3752929204525227,0.37054695320883746,0.36747905352322063,0.36635412158916386,-0.04576530611292262
0.3836122776681007,0.38515160687387956,0.38950048883186816,0.3832076328711475,0.38326527466890914,0.3752929204525227,0.37054695320883746,0.36747905352322063,0.36635412158916386,0.3732982235767274,-0.027097671506399107
0.38515160687387956,0.38950048883186816,0.3832076328711475,0.38326527466890914,0.3752929204525227,0.37054695320883746,0.36747905352322063,0.36635412158916386,0.3732982235767274,0.37122368733645933,-0.028613515201526857
0.38950048883186816,0.3832076328711475,0.38326527466890914,0.3752929204525227,0.37054695320883746,0.36747905352322063,0.36635412158916386,0.3732982235767274,0.37122368733645933,0.36841947393028673,-0.031303721386392175
0.3832076328711475,0.38326527466890914,0.3752929204525227,0.37054695320883746,0.36747905352322063,0.36635412158916386,0.3732982235767274,0.37122368733645933,0.36841947393028673,0.3686333920146437,-0.02743538606084775
0.38326527466890914,0.3752929204525227,0.37054695320883746,0.36747905352322063,0.36635412158916386,0.3732982235767274,0.37122368733645933,0.36841947393028673,0.3686333920146437,0.35996087740186994,-0.039849003739650474
0.3752929204525227,0.37054695320883746,0.36747905352322063,0.36635412158916386,0.3732982235767274,0.37122368733645933,0.36841947393028673,0.3686333920146437,0.35996087740186994,0.3619072060076444,-0.03324910188751423
0.37054695320883746,0.36747905352322063,0.36635412158916386,0.3732982235767274,0.37122368733645933,0.36841947393028673,0.3686333920146437,0.35996087740186994,0.3619072060076444,0.3681237272446417,-0.018282631454552806
0.36747905352322063,0.36635412158916386,0.3732982235767274,0.37122368733645933,0.36841947393028673,0.3686333920146437,0.35996087740186994,0.3619072060076444,0.3681237272446417,0.3699839285900362,-0.010950045799336006
0.36635412158916386,0.3732982235767274,0.37122368733645933,0.36841947393028673,0.3686333920146437,0.35996087740186994,0.3619072060076444,0.3681237272446417,0.3699839285900362,0.36914821021934136,-0.009385608256408273
0.3732982235767274,0.37122368733645933,0.36841947393028673,0.3686333920146437,0.35996087740186994,0.3619072060076444,0.3681237272446417,0.3699839285900362,0.36914821021934136,-0.02116319189204463,-9.853795626135198E-4
0.37122368733645933,0.36841947393028673,0.3686333920146437,0.35996087740186994,0.3619072060076444,0.3681237272446417,0.3699839285900362,0.36914821021934136,-0.02116319189204463,-0.024145286626784668,-0.007862434961613513
0.36841947393028673,0.3686333920146437,0.35996087740186994,0.3619072060076444,0.3681237272446417,0.3699839285900362,0.36914821021934136,-0.02116319189204463,-0.024145286626784668,0.23826590574248818,-0.013135340680531432
0.3686333920146437,0.35996087740186994,0.3619072060076444,0.3681237272446417,0.3699839285900362,0.36914821021934136,-0.02116319189204463,-0.024145286626784668,0.23826590574248818,0.2297979760588008,-0.017287085225531434
0.35996087740186994,0.3619072060076444,0.3681237272446417,0.3699839285900362,0.36914821021934136,-0.02116319189204463,-0.024145286626784668,0.23826590574248818,0.2297979760588008,0.2471089291472065,-0.006189001648881448
0.3619072060076444,0.3681237272446417,0.3699839285900362,0.36914821021934136,-0.02116319189204463,-0.024145286626784668,0.23826590574248818,0.2297979760588008,0.2471089291472065,0.2530454418896053,-6.283879268645653E-4
0.3681237272446417,0.3699839285900362,0.36914821021934136,-0.02116319189204463,-0.024145286626784668,0.23826590574248818,0.2297979760588008,0.2471089291472065,0.2530454418896053,0.23712906065870887,-0.006733475071139444
0.3699839285900362,0.36914821021934136,-0.02116319189204463,-0.024145286626784668,0.23826590574248818,0.2297979760588008,0.2471089291472065,0.2530454418896053,0.23712906065870887,0.26306196050285235,0.009689731602256446
0.36914821021934136,-0.02116319189204463,-0.024145286626784668,0.23826590574248818,0.2297979760588008,0.2471089291472065,0.2530454418896053,0.23712906065870887,0.26306196050285235,0.26106311464332704,0.010714743445095543
-0.02116319189204463,-0.024145286626784668,0.23826590574248818,0.2297979760588008,0.2471089291472065,0.2530454418896053,0.23712906065870887,0.26306196050285235,0.26106311464332704,0.2649580803666654,0.015219886688880024
-0.024145286626784668,0.23826590574248818,0.2297979760588008,0.2471089291472065,0.2530454418896053,0.23712906065870887,0.26306196050285235,0.26106311464332704,0.2649580803666654,0.09676129564183938,-0.006094101454161366
0.23826590574248818,0.2297979760588008,0.2471089291472065,0.2530454418896053,0.23712906065870887,0.26306196050285235,0.26106311464332704,0.2649580803666654,0.09676129564183938,0.09447513122752249,-0.011074885006161383
0.2297979760588008,0.2471089291472065,0.2530454418896053,0.23712906065870887,0.26306196050285235,0.26106311464332704,0.2649580803666654,0.09676129564183938,0.09447513122752249,0.08827152215855394,-0.02085563666449622
0.2471089291472065,0.2530454418896053,0.23712906065870887,0.26306196050285235,0.26106311464332704,0.2649580803666654,0.09676129564183938,0.09447513122752249,0.08827152215855394,0.09381726073021945,-0.010599031302538586
0.2530454418896053,0.23712906065870887,0.26306196050285235,0.26106311464332704,0.2649580803666654,0.09676129564183938,0.09447513122752249,0.08827152215855394,0.09381726073021945,0.0985496802881321,0.0010710421268635695
0.23712906065870887,0.26306196050285235,0.26106311464332704,0.2649580803666654,0.09676129564183938,0.09447513122752249,0.08827152215855394,0.09381726073021945,0.0985496802881321,0.09189337416304105,-0.0123799960301689
0.26306196050285235,0.26106311464332704,0.2649580803666654,0.09676129564183938,0.09447513122752249,0.08827152215855394,0.09381726073021945,0.0985496802881321,0.09189337416304105,-0.20607505755322875,-0.01630873803513988
0.26106311464332704,0.2649580803666654,0.09676129564183938,0.09447513122752249,0.08827152215855394,0.09381726073021945,0.0985496802881321,0.09189337416304105,-0.20607505755322875,0.09330596454415713,-0.009637132722995073
0.2649580803666654,0.09676129564183938,0.09447513122752249,0.08827152215855394,0.09381726073021945,0.0985496802881321,0.09189337416304105,-0.20607505755322875,0.09330596454415713,0.09282159561785897,-0.010540560995995069
0.09676129564183938,0.09447513122752249,0.08827152215855394,0.09381726073021945,0.0985496802881321,0.09189337416304105,-0.20607505755322875,0.09330596454415713,0.09282159561785897,0.09490570568697126,-0.005588307917463536
0.09447513122752249,0.08827152215855394,0.09381726073021945,0.0985496802881321,0.09189337416304105,-0.20607505755322875,0.09330596454415713,0.09282159561785897,0.09490570568697126,0.09441113119740058,-0.005724058176568458
0.08827152215855394,0.09381726073021945,0.0985496802881321,0.09189337416304105,-0.20607505755322875,0.09330596454415713,0.09282159561785897,0.09490570568697126,0.09441113119740058,-0.29887432554340787,-0.004395807177352773
0.09381726073021945,0.0985496802881321,0.09189337416304105,-0.20607505755322875,0.09330596454415713,0.09282159561785897,0.09490570568697126,0.09441113119740058,-0.29887432554340787,-0.30496894772859545,-0.015570862663352752
0.0985496802881321,0.09189337416304105,-0.20607505755322875,0.09330596454415713,0.09282159561785897,0.09490570568697126,0.09441113119740058,-0.29887432554340787,-0.30496894772859545,-0.30072436276738274,-0.008183033084352753
0.09189337416304105,-0.20607505755322875,0.09330596454415713,0.09282159561785897,0.09490570568697126,0.09441113119740058,-0.29887432554340787,-0.30496894772859545,-0.30072436276738274,-0.29332867694338866,0.01036178003864724
-0.20607505755322875,0.09330596454415713,0.09282159561785897,0.09490570568697126,0.09441113119740058,-0.29887432554340787,-0.30496894772859545,-0.30072436276738274,-0.29332867694338866,-0.29602311283074795,0.0024005136066472255
0.09330596454415713,0.09282159561785897,0.09490570568697126,0.09441113119740058,-0.29887432554340787,-0.30496894772859545,-0.30072436276738274,-0.29332867694338866,-0.29602311283074795,-0.12629007778759527,0.022282248178150138
0.09282159561785897,0.09490570568697126,0.09441113119740058,-0.29887432554340787,-0.30496894772859545,-0.30072436276738274,-0.29332867694338866,-0.29602311283074795,-0.12629007778759527,-0.1386791300577907,0.014965217675150133
0.09490570568697126,0.09441113119740058,-0.29887432554340787,-0.30496894772859545,-0.30072436276738274,-0.29332867694338866,-0.29602311283074795,-0.12629007778759527,-0.1386791300577907,-0.13356166519615986,0.017907945251150137
0.09441113119740058,-0.29887432554340787,-0.30496894772859545,-0.30072436276738274,-0.29332867694338866,-0.29602311283074795,-0.12629007778759527,-0.1386791300577907,-0.13356166519615986,-0.13287083196834804,0.01831354110715014
-0.29887432554340787,-0.30496894772859545,-0.30072436276738274,-0.29332867694338866,-0.29602311283074795,-0.12629007778759527,-0.1386791300577907,-0.13356166519615986,-0.13287083196834804,-0.12837335563897706,0.01949427623463268
-0.30496894772859545,-0.30072436276738274,-0.29332867694338866,-0.29602311283074795,-0.12629007778759527,-0.1386791300577907,-0.13356166519615986,-0.13287083196834804,-0.12837335563897706,-0.13598554746208769,0.013508460108117265
-0.30072436276738274,-0.29332867694338866,-0.29602311283074795,-0.12629007778759527,-0.1386791300577907,-0.13356166519615986,-0.13287083196834804,-0.12837335563897706,-0.13598554746208769,-0.11479678381917652,0.02526461728034715
-0.29332867694338866,-0.29602311283074795,-0.12629007778759527,-0.1386791300577907,-0.13356166519615986,-0.13287083196834804,-0.12837335563897706,-0.13598554746208769,-0.11479678381917652,-0.11181805471668155,0.025876450130193213
-0.29602311283074795,-0.12629007778759527,-0.1386791300577907,-0.13356166519615986,-0.13287083196834804,-0.12837335563897706,-0.13598554746208769,-0.11479678381917652,-0.11181805471668155,-0.12681383616775088,0.014684002806329977
-0.12629007778759527,-0.1386791300577907,-0.13356166519615986,-0.13287083196834804,-0.12837335563897706,-0.13598554746208769,-0.11479678381917652,-0.11181805471668155,-0.12681383616775088,-0.11078314990737292,0.02381837472744605
-0.1386791300577907,-0.13356166519615986,-0.13287083196834804,-0.12837335563897706,-0.13598554746208769,-0.11479678381917652,-0.11181805471668155,-0.12681383616775088,-0.11078314990737292,-0.11618165791173063,0.018774824322673717
-0.13356166519615986,-0.13287083196834804,-0.12837335563897706,-0.13598554746208769,-0.11479678381917652,-0.11181805471668155,-0.12681383616775088,-0.11078314990737292,-0.11618165791173063,-0.11310344206646472,0.01952955011103316
-0.13287083196834804,-0.12837335563897706,-0.13598554746208769,-0.11479678381917652,-0.11181805471668155,-0.12681383616775088,-0.11078314990737292,-0.11618165791173063,-0.11310344206646472,-0.10389521860156242,0.02478641614513777
-0.12837335563897706,-0.13598554746208769,-0.11479678381917652,-0.11181805471668155,-0.12681383616775088,-0.11078314990737292,-0.11618165791173063,-0.11310344206646472,-0.10389521860156242,-0.09977737305431084,0.026609506760288365
-0.13598554746208769,-0.11479678381917652,-0.11181805471668155,-0.12681383616775088,-0.11078314990737292,-0.11618165791173063,-0.11310344206646472,-0.10389521860156242,-0.09977737305431084,-0.11311227139453389,0.01566573792447623
-0.11479678381917652,-0.11181805471668155,-0.12681383616775088,-0.11078314990737292,-0.11618165791173063,-0.11310344206646472,-0.10389521860156242,-0.09977737305431084,-0.11311227139453389,-0.11860377482174533,0.01073877053978009
-0.11181805471668155,-0.12681383616775088,-0.11078314990737292,-0.11618165791173063,-0.11310344206646472,-0.10389521860156242,-0.09977737305431084,-0.11311227139453389,-0.11860377482174533,0.15340928818818172,0.0036698973101638166
-0.12681383616775088,-0.11078314990737292,-0.11618165791173063,-0.11310344206646472,-0.10389521860156242,-0.09977737305431084,-0.11311227139453389,-0.11860377482174533,0.15340928818818172,-0.13401221878025238,0.010215482889756822
-0.11078314990737292,-0.11618165791173063,-0.11310344206646472,-0.10389521860156242,-0.09977737305431084,-0.11311227139453389,-0.11860377482174533,0.15340928818818172,-0.13401221878025238,-0.15634984641505356,2.6558827568301524E-6
-0.11618165791173063,-0.11310344206646472,-0.10389521860156242,-0.09977737305431084,-0.11311227139453389,-0.11860377482174533,0.15340928818818172,-0.13401221878025238,-0.15634984641505356,-0.14045556233905188,0.00714605154975681
-0.11310344206646472,-0.10389521860156242,-0.09977737305431084,-0.11311227139453389,-0.11860377482174533,0.15340928818818172,-0.13401221878025238,-0.15634984641505356,-0.14045556233905188,-0.1629583036898523,-0.004211245568730565
-0.10389521860156242,-0.09977737305431084,-0.11311227139453389,-0.11860377482174533,0.15340928818818172,-0.13401221878025238,-0.15634984641505356,-0.14045556233905188,-0.1629583036898523,0.16791395584305913,-0.016901513144167213
-0.09977737305431084,-0.11311227139453389,-0.11860377482174533,0.15340928818818172,-0.13401221878025238,-0.15634984641505356,-0.14045556233905188,-0.1629583036898523,0.16791395584305913,0.03096271325224309,-0.025848081532440476
-0.11311227139453389,-0.11860377482174533,0.15340928818818172,-0.13401221878025238,-0.15634984641505356,-0.14045556233905188,-0.1629583036898523,0.16791395584305913,0.03096271325224309,0.03294182995447181,-0.024704562644440486
-0.11860377482174533,0.15340928818818172,-0.13401221878025238,-0.15634984641505356,-0.14045556233905188,-0.1629583036898523,0.16791395584305913,0.03096271325224309,0.03294182995447181,-0.11202032162301445,-0.03289883053657261
0.15340928818818172,-0.13401221878025238,-0.15634984641505356,-0.14045556233905188,-0.1629583036898523,0.16791395584305913,0.03096271325224309,0.03294182995447181,-0.11202032162301445,-0.11109223634968102,-0.026489596346572608
-0.13401221878025238,-0.15634984641505356,-0.14045556233905188,-0.1629583036898523,0.16791395584305913,0.03096271325224309,0.03294182995447181,-0.11202032162301445,-0.11109223634968102,-0.11069142601119675,-0.016829817117572615
-0.15634984641505356,-0.14045556233905188,-0.1629583036898523,0.16791395584305913,0.03096271325224309,0.03294182995447181,-0.11202032162301445,-0.11109223634968102,-0.11069142601119675,0.26571276944743105,-0.014769374646565275
-0.14045556233905188,-0.1629583036898523,0.16791395584305913,0.03096271325224309,0.03294182995447181,-0.11202032162301445,-0.11109223634968102,-0.11069142601119675,0.26571276944743105,0.26609624558537637,-0.013599905798565265
-0.1629583036898523,0.16791395584305913,0.03096271325224309,0.03294182995447181,-0.11202032162301445,-0.11109223634968102,-0.11069142601119675,0.26571276944743105,0.26609624558537637,0.26698572676509713,-0.01062584722156526
0.16791395584305913,0.03096271325224309,0.03294182995447181,-0.11202032162301445,-0.11109223634968102,-0.11069142601119675,0.26571276944743105,0.26609624558537637,0.26698572676509713,-0.038159612495605566,-0.001713361530589541
0.03096271325224309,0.03294182995447181,-0.11202032162301445,-0.11109223634968102,-0.11069142601119675,0.26571276944743105,0.26609624558537637,0.26698572676509713,-0.038159612495605566,0.3548146598967095,0.0022273570165715906
0.12450445630987911,0.1286889278210374,-0.1484240434482459,-0.13669009915117025,-0.15741165337647067,-0.17398570474493408,-0.16956370882605765,-0.18062090176860218,-0.1667334126184406,-0.15703553027733486,0.02073666060482382
0.1286889278210374,-0.1484240434482459,-0.13669009915117025,-0.15741165337647067,-0.17398570474493408,-0.16956370882605765,-0.18062090176860218,-0.1667334126184406,-0.15703553027733486,-0.5595524781365165,0.00408830939703636
-0.1484240434482459,-0.13669009915117025,-0.15741165337647067,-0.17398570474493408,-0.16956370882605765,-0.18062090176860218,-0.1667334126184406,-0.15703553027733486,-0.5595524781365165,-0.5460660054435607,-0.01106857550296364
-0.13669009915117025,-0.15741165337647067,-0.17398570474493408,-0.16956370882605765,-0.18062090176860218,-0.1667334126184406,-0.15703553027733486,-0.5595524781365165,-0.5460660054435607,-0.176622641578644,-0.026259000118080966
-0.15741165337647067,-0.17398570474493408,-0.16956370882605765,-0.18062090176860218,-0.1667334126184406,-0.15703553027733486,-0.5595524781365165,-0.5460660054435607,-0.176622641578644,-0.18203448914101533,-0.020782720443080938
-0.17398570474493408,-0.16956370882605765,-0.18062090176860218,-0.1667334126184406,-0.15703553027733486,-0.5595524781365165,-0.5460660054435607,-0.176622641578644,-0.18203448914101533,-0.16767478973860067,-0.03662274010112776
-0.16956370882605765,-0.18062090176860218,-0.1667334126184406,-0.15703553027733486,-0.5595524781365165,-0.5460660054435607,-0.176622641578644,-0.18203448914101533,-0.16767478973860067,0.2297486745092307,-0.03483281292304419
-0.18062090176860218,-0.1667334126184406,-0.15703553027733486,-0.5595524781365165,-0.5460660054435607,-0.176622641578644,-0.18203448914101533,-0.16767478973860067,0.2297486745092307,0.23513702680898335,-0.039958377923044186
-0.1667334126184406,-0.15703553027733486,-0.5595524781365165,-0.5460660054435607,-0.176622641578644,-0.18203448914101533,-0.16767478973860067,0.2297486745092307,0.23513702680898335,0.2589432983890313,-0.060434307361044215
-0.15703553027733486,-0.5595524781365165,-0.5460660054435607,-0.176622641578644,-0.18203448914101533,-0.16767478973860067,0.2297486745092307,0.23513702680898335,0.2589432983890313,0.25226960400602805,-0.05501924688404419
-0.5595524781365165,-0.5460660054435607,-0.176622641578644,-0.18203448914101533,-0.16767478973860067,0.2297486745092307,0.23513702680898335,0.2589432983890313,0.25226960400602805,0.25275202448895234,-0.05541858556704421
-0.5460660054435607,-0.176622641578644,-0.18203448914101533,-0.16767478973860067,0.2297486745092307,0.23513702680898335,0.2589432983890313,0.25226960400602805,0.25275202448895234,0.25597125830629763,-0.058051521152044205
-0.176622641578644,-0.18203448914101533,-0.16767478973860067,0.2297486745092307,0.23513702680898335,0.2589432983890313,0.25226960400602805,0.25275202448895234,0.25597125830629763,0.2568815966716541,-0.05878618585004419
-0.18203448914101533,-0.16767478973860067,0.2297486745092307,0.23513702680898335,0.2589432983890313,0.25226960400602805,0.25275202448895234,0.25597125830629763,0.2568815966716541,0.25875896601961135,-0.060287830685044175
-0.16767478973860067,0.2297486745092307,0.23513702680898335,0.2589432983890313,0.25226960400602805,0.25275202448895234,0.25597125830629763,0.2568815966716541,0.25875896601961135,0.24869278654653187,-0.050235065756453645
0.2297486745092307,0.23513702680898335,0.2589432983890313,0.25226960400602805,0.25275202448895234,0.25597125830629763,0.2568815966716541,0.25875896601961135,0.24869278654653187,0.24259290371920922,-0.0431519504717397
0.23513702680898335,0.2589432983890313,0.25226960400602805,0.25275202448895234,0.25597125830629763,0.2568815966716541,0.25875896601961135,0.24869278654653187,0.24259290371920922,0.2615478354051447,-0.05709688358721132
0.2589432983890313,0.25226960400602805,0.25275202448895234,0.25597125830629763,0.2568815966716541,0.25875896601961135,0.24869278654653187,0.24259290371920922,0.2615478354051447,0.24122762070138265,-0.03830596479228948
0.25226960400602805,0.25275202448895234,0.25597125830629763,0.2568815966716541,0.25875896601961135,0.24869278654653187,0.24259290371920922,0.2615478354051447,0.24122762070138265,0.24533714154380082,-0.040089087398154255
0.25275202448895234,0.25597125830629763,0.2568815966716541,0.25875896601961135,0.24869278654653187,0.24259290371920922,0.2615478354051447,0.24122762070138265,0.24533714154380082,0.20570063082469725,0.0017270828150038886
0.25597125830629763,0.2568815966716541,0.25875896601961135,0.24869278654653187,0.24259290371920922,0.2615478354051447,0.24122762070138265,0.24533714154380082,0.20570063082469725,0.23467450452241873,-0.02676316917050464
0.2568815966716541,0.25875896601961135,0.24869278654653187,0.24259290371920922,0.2615478354051447,0.24122762070138265,0.24533714154380082,0.20570063082469725,0.23467450452241873,0.202341759212605,0.009477243969880977
0.25875896601961135,0.24869278654653187,0.24259290371920922,0.2615478354051447,0.24122762070138265,0.24533714154380082,0.20570063082469725,0.23467450452241873,0.202341759212605,0.20931951332788595,0.0031757568665511937
0.24869278654653187,0.24259290371920922,0.2615478354051447,0.24122762070138265,0.24533714154380082,0.20570063082469725,0.23467450452241873,0.202341759212605,0.20931951332788595,0.23267427300300536,-0.01919521770514593
0.24259290371920922,0.2615478354051447,0.24122762070138265,0.24533714154380082,0.20570063082469725,0.23467450452241873,0.202341759212605,0.20931951332788595,0.23267427300300536,-0.11368047435556228,-0.025168405767270752
0.2615478354051447,0.24122762070138265,0.24533714154380082,0.20570063082469725,0.23467450452241873,0.202341759212605,0.20931951332788595,0.23267427300300536,-0.11368047435556228,-0.13201073692709842,-0.008652824333270748
0.24122762070138265,0.24533714154380082,0.20570063082469725,0.23467450452241873,0.202341759212605,0.20931951332788595,0.23267427300300536,-0.11368047435556228,-0.13201073692709842,0.25621038437714877,-0.023781084017181986
0.24533714154380082,0.20570063082469725,0.23467450452241873,0.202341759212605,0.20931951332788595,0.23267427300300536,-0.11368047435556228,-0.13201073692709842,0.25621038437714877,0.2551200640052161,-0.02251231019518196
0.20570063082469725,0.23467450452241873,0.202341759212605,0.20931951332788595,0.23267427300300536,-0.11368047435556228,-0.13201073692709842,0.25621038437714877,0.2551200640052161,0.24893346714830095,-0.015075374860181956
0.23467450452241873,0.202341759212605,0.20931951332788595,0.23267427300300536,-0.11368047435556228,-0.13201073692709842,0.25621038437714877,0.2551200640052161,0.24893346714830095,0.24311610285861734,-0.007686584073181957
0.202341759212605,0.20931951332788595,0.23267427300300536,-0.11368047435556228,-0.13201073692709842,0.25621038437714877,0.2551200640052161,0.24893346714830095,0.24311610285861734,0.23628987959458098,0.0015261305438180606
0.20931951332788595,0.23267427300300536,-0.11368047435556228,-0.13201073692709842,0.25621038437714877,0.2551200640052161,0.24893346714830095,0.24311610285861734,0.23628987959458098,-0.16085895694927982,-0.0012413775168937935
0.23267427300300536,-0.11368047435556228,-0.13201073692709842,0.25621038437714877,0.2551200640052161,0.24893346714830095,0.24311610285861734,0.23628987959458098,-0.16085895694927982,0.2013134080314839,-0.012703893383615383
-0.11368047435556228,-0.13201073692709842,0.25621038437714877,0.2551200640052161,0.24893346714830095,0.24311610285861734,0.23628987959458098,-0.16085895694927982,0.2013134080314839,0.2179860895998017,-0.03310028070261539
-0.13201073692709842,0.25621038437714877,0.2551200640052161,0.24893346714830095,0.24311610285861734,0.23628987959458098,-0.16085895694927982,0.2013134080314839,0.2179860895998017,0.22796333057259988,-0.04394938443161539
0.25621038437714877,0.2551200640052161,0.24893346714830095,0.24311610285861734,0.23628987959458098,-0.16085895694927982,0.2013134080314839,0.2179860895998017,0.22796333057259988,0.2115406882149618,-0.025581703883615414
0.2551200640052161,0.24893346714830095,0.24311610285861734,0.23628987959458098,-0.16085895694927982,0.2013134080314839,0.2179860895998017,0.22796333057259988,0.2115406882149618,0.20687899562181156,-0.01813582234519695
0.24893346714830095,0.24311610285861734,0.23628987959458098,-0.16085895694927982,0.2013134080314839,0.2179860895998017,0.22796333057259988,0.2115406882149618,0.20687899562181156,0.22412835606870202,-0.03641628791707696
0.24311610285861734,0.23628987959458098,-0.16085895694927982,0.2013134080314839,0.2179860895998017,0.22796333057259988,0.2115406882149618,0.20687899562181156,0.22412835606870202,0.20265001736779298,-0.009238516668943153
0.23628987959458098,-0.16085895694927982,0.2013134080314839,0.2179860895998017,0.22796333057259988,0.2115406882149618,0.20687899562181156,0.22412835606870202,0.20265001736779298,0.2011063885233525,-0.005447569426559273
-0.16085895694927982,0.2013134080314839,0.2179860895998017,0.22796333057259988,0.2115406882149618,0.20687899562181156,0.22412835606870202,0.20265001736779298,0.2011063885233525,-0.07893022415007034,-0.004259426541258549
0.2013134080314839,0.2179860895998017,0.22796333057259988,0.2115406882149618,0.20687899562181156,0.22412835606870202,0.20265001736779298,0.2011063885233525,-0.07893022415007034,-0.10113531605883441,0.01781198660774147
0.2179860895998017,0.22796333057259988,0.2115406882149618,0.20687899562181156,0.22412835606870202,0.20265001736779298,0.2011063885233525,-0.07893022415007034,-0.10113531605883441,-0.11977191030672268,0.039617782672741464
0.22796333057259988,0.2115406882149618,0.20687899562181156,0.22412835606870202,0.20265001736779298,0.2011063885233525,-0.07893022415007034,-0.10113531605883441,-0.11977191030672268,-0.12042432879520726,0.04044755775874148
0.2115406882149618,0.20687899562181156,0.22412835606870202,0.20265001736779298,0.2011063885233525,-0.07893022415007034,-0.10113531605883441,-0.11977191030672268,-0.12042432879520726,-0.13293941785500513,0.05739880408474146
0.20687899562181156,0.22412835606870202,0.20265001736779298,0.2011063885233525,-0.07893022415007034,-0.10113531605883441,-0.11977191030672268,-0.12042432879520726,-0.13293941785500513,-0.14694053862508893,0.07911392992874144
0.22412835606870202,0.20265001736779298,0.2011063885233525,-0.07893022415007034,-0.10113531605883441,-0.11977191030672268,-0.12042432879520726,-0.13293941785500513,-0.14694053862508893,-0.1684522499799238,0.12034457099074147
0.20265001736779298,0.2011063885233525,-0.07893022415007034,-0.10113531605883441,-0.11977191030672268,-0.12042432879520726,-0.13293941785500513,-0.14694053862508893,-0.1684522499799238,-0.1786748762164267,0.14471106279774143
0.2011063885233525,-0.07893022415007034,-0.10113531605883441,-0.11977191030672268,-0.12042432879520726,-0.13293941785500513,-0.14694053862508893,-0.1684522499799238,-0.1786748762164267,-0.49014664685098375,0.009640667985516382
-0.07893022415007034,-0.10113531605883441,-0.11977191030672268,-0.12042432879520726,-0.13293941785500513,-0.14694053862508893,-0.1684522499799238,-0.1786748762164267,-0.49014664685098375,-0.13711099651683567,0.020511200331659984
-0.10113531605883441,-0.11977191030672268,-0.12042432879520726,-0.13293941785500513,-0.14694053862508893,-0.1684522499799238,-0.1786748762164267,-0.49014664685098375,-0.13711099651683567,-0.12415120368266247,-0.005669879598340033
-0.11977191030672268,-0.12042432879520726,-0.13293941785500513,-0.14694053862508893,-0.1684522499799238,-0.1786748762164267,-0.49014664685098375,-0.13711099651683567,-0.12415120368266247,-0.129021016165436,0.0025342642970725415
-0.12042432879520726,-0.13293941785500513,-0.14694053862508893,-0.1684522499799238,-0.1786748762164267,-0.49014664685098375,-0.13711099651683567,-0.12415120368266247,-0.129021016165436,-0.12397017233810448,-0.008300915391664831
-0.13293941785500513,-0.14694053862508893,-0.1684522499799238,-0.1786748762164267,-0.49014664685098375,-0.13711099651683567,-0.12415120368266247,-0.129021016165436,-0.12397017233810448,-0.12739833329249256,-0.002945921473311963
-0.14694053862508893,-0.1684522499799238,-0.1786748762164267,-0.49014664685098375,-0.13711099651683567,-0.12415120368266247,-0.129021016165436,-0.12397017233810448,-0.12739833329249256,-0.13168610222870225,0.004424907935549949
-0.1684522499799238,-0.1786748762164267,-0.49014664685098375,-0.13711099651683567,-0.12415120368266247,-0.129021016165436,-0.12397017233810448,-0.12739833329249256,-0.13168610222870225,-0.13316307658971055,0.006305233593910942
-0.1786748762164267,-0.49014664685098375,-0.13711099651683567,-0.12415120368266247,-0.129021016165436,-0.12397017233810448,-0.12739833329249256,-0.13168610222870225,-0.13316307658971055,-0.13857299536551682,0.016802152389692904
-0.49014664685098375,-0.13711099651683567,-0.12415120368266247,-0.129021016165436,-0.12397017233810448,-0.12739833329249256,-0.13168610222870225,-0.13316307658971055,-0.13857299536551682,-0.15207242373818675,0.04891936369707961
-0.13711099651683567,-0.12415120368266247,-0.129021016165436,-0.12397017233810448,-0.12739833329249256,-0.13168610222870225,-0.13316307658971055,-0.13857299536551682,-0.15207242373818675,-0.14995975834754488,0.04207150824981859
-0.12415120368266247,-0.129021016165436,-0.12397017233810448,-0.12739833329249256,-0.13168610222870225,-0.13316307658971055,-0.13857299536551682,-0.15207242373818675,-0.14995975834754488,-0.14710288495327517,0.033513053721495656
-0.129021016165436,-0.12397017233810448,-0.12739833329249256,-0.13168610222870225,-0.13316307658971055,-0.13857299536551682,-0.15207242373818675,-0.14995975834754488,-0.14710288495327517,0.22110131202013245,0.01078280792249392
-0.12397017233810448,-0.12739833329249256,-0.13168610222870225,-0.13316307658971055,-0.13857299536551682,-0.15207242373818675,-0.14995975834754488,-0.14710288495327517,0.22110131202013245,-0.17866046826412402,0.011399824551605098
-0.12739833329249256,-0.13168610222870225,-0.13316307658971055,-0.13857299536551682,-0.15207242373818675,-0.14995975834754488,-0.14710288495327517,0.22110131202013245,-0.17866046826412402,-0.18403586450629278,0.024071191914605106
-0.13168610222870225,-0.13316307658971055,-0.13857299536551682,-0.15207242373818675,-0.14995975834754488,-0.14710288495327517,0.22110131202013245,-0.17866046826412402,-0.18403586450629278,-0.1895766718006986,0.03825184235860507
-0.13316307658971055,-0.13857299536551682,-0.15207242373818675,-0.14995975834754488,-0.14710288495327517,0.22110131202013245,-0.17866046826412402,-0.18403586450629278,-0.1895766718006986,-0.18504652274583067,0.025006844310204
-0.13857299536551682,-0.15207242373818675,-0.14995975834754488,-0.14710288495327517,0.22110131202013245,-0.17866046826412402,-0.18403586450629278,-0.1895766718006986,-0.18504652274583067,-0.1654356355346775,-0.019216530840853396
-0.15207242373818675,-0.14995975834754488,-0.14710288495327517,0.22110131202013245,-0.17866046826412402,-0.18403586450629278,-0.1895766718006986,-0.18504652274583067,-0.1654356355346775,0.1475296641516795,-0.02921540967088304
-0.14995975834754488,-0.14710288495327517,0.22110131202013245,-0.17866046826412402,-0.18403586450629278,-0.1895766718006986,-0.18504652274583067,-0.1654356355346775,0.1475296641516795,0.14676289385596952,-0.027473499747883046
-0.14710288495327517,0.22110131202013245,-0.17866046826412402,-0.18403586450629278,-0.1895766718006986,-0.18504652274583067,-0.1654356355346775,0.1475296641516795,0.14676289385596952,0.14224697688490656,-0.01683867982388304
0.22110131202013245,-0.17866046826412402,-0.18403586450629278,-0.1895766718006986,-0.18504652274583067,-0.1654356355346775,0.1475296641516795,0.14676289385596952,0.14224697688490656,0.13120332203467666,0.012257235973116953
-0.17866046826412402,-0.18403586450629278,-0.1895766718006986,-0.18504652274583067,-0.1654356355346775,0.1475296641516795,0.14676289385596952,0.14224697688490656,0.13120332203467666,0.13222042788341198,0.009371321464116955
-0.18403586450629278,-0.1895766718006986,-0.18504652274583067,-0.1654356355346775,0.1475296641516795,0.14676289385596952,0.14224697688490656,0.13120332203467666,0.13222042788341198,0.13797512450178107,-0.00614126770588308
-0.1895766718006986,-0.18504652274583067,-0.1654356355346775,0.1475296641516795,0.14676289385596952,0.14224697688490656,0.13120332203467666,0.13222042788341198,0.13797512450178107,0.13152635591562362,0.011335710529116916
-0.18504652274583067,-0.1654356355346775,0.1475296641516795,0.14676289385596952,0.14224697688490656,0.13120332203467666,0.13222042788341198,0.13797512450178107,0.13152635591562362,-0.26496583821815833,0.04899570990373947
-0.1654356355346775,0.1475296641516795,0.14676289385596952,0.14224697688490656,0.13120332203467666,0.13222042788341198,0.13797512450178107,0.13152635591562362,-0.26496583821815833,-0.2617339777992149,0.03560181488573955
0.1475296641516795,0.14676289385596952,0.14224697688490656,0.13120332203467666,0.13222042788341198,0.13797512450178107,0.13152635591562362,-0.26496583821815833,-0.2617339777992149,-0.2738643403670035,0.09350432047073953
0.14676289385596952,0.14224697688490656,0.13120332203467666,0.13222042788341198,0.13797512450178107,0.13152635591562362,-0.26496583821815833,-0.2617339777992149,-0.2738643403670035,-0.27615354993323304,0.10746866544073952
0.14224697688490656,0.13120332203467666,0.13222042788341198,0.13797512450178107,0.13152635591562362,-0.26496583821815833,-0.2617339777992149,-0.2738643403670035,-0.27615354993323304,-0.2721884743876363,0.08405345159373945
0.13120332203467666,0.13222042788341198,0.13797512450178107,0.13152635591562362,-0.26496583821815833,-0.2617339777992149,-0.2738643403670035,-0.27615354993323304,-0.2721884743876363,-0.676921531086786,-0.03694862025323853
0.13222042788341198,0.13797512450178107,0.13152635591562362,-0.26496583821815833,-0.2617339777992149,-0.2738643403670035,-0.27615354993323304,-0.2721884743876363,-0.676921531086786,-0.28630083434418147,-0.013240309163894626
0.13797512450178107,0.13152635591562362,-0.26496583821815833,-0.2617339777992149,-0.2738643403670035,-0.27615354993323304,-0.2721884743876363,-0.676921531086786,-0.28630083434418147,0.11401373939966464,-0.017776101276610556
0.13152635591562362,-0.26496583821815833,-0.2617339777992149,-0.2738643403670035,-0.27615354993323304,-0.2721884743876363,-0.676921531086786,-0.28630083434418147,0.11401373939966464,0.11565766601247707,-0.026688018436610617
-0.26496583821815833,-0.2617339777992149,-0.2738643403670035,-0.27615354993323304,-0.2721884743876363,-0.676921531086786,-0.28630083434418147,0.11401373939966464,0.11565766601247707,0.12018318100710212,-0.04955542685561054
-0.2617339777992149,-0.2738643403670035,-0.27615354993323304,-0.2721884743876363,-0.676921531086786,-0.28630083434418147,0.11401373939966464,0.11565766601247707,0.12018318100710212,0.12466781240335145,-0.07008930376761058
-0.2738643403670035,-0.27615354993323304,-0.2721884743876363,-0.676921531086786,-0.28630083434418147,0.11401373939966464,0.11565766601247707,0.12018318100710212,0.12466781240335145,0.13122363074240917,-0.09690981192061054
-0.27615354993323304,-0.2721884743876363,-0.676921531086786,-0.28630083434418147,0.11401373939966464,0.11565766601247707,0.12018318100710212,0.12466781240335145,0.13122363074240917,0.1288660328313782,-0.08766151846461057
-0.2721884743876363,-0.676921531086786,-0.28630083434418147,0.11401373939966464,0.11565766601247707,0.12018318100710212,0.12466781240335145,0.13122363074240917,0.1288660328313782,0.1348756792118031,-0.11044551534661062
-0.676921531086786,-0.28630083434418147,0.11401373939966464,0.11565766601247707,0.12018318100710212,0.12466781240335145,0.13122363074240917,0.1288660328313782,0.1348756792118031,0.13059658784186623,-0.09449089478561057
-0.28630083434418147,0.11401373939966464,0.11565766601247707,0.12018318100710212,0.12466781240335145,0.13122363074240917,0.1288660328313782,0.1348756792118031,0.13059658784186623,0.13021068318008666,-0.09198946537402075
0.11401373939966464,0.11565766601247707,0.12018318100710212,0.12466781240335145,0.13122363074240917,0.1288660328313782,0.1348756792118031,0.13059658784186623,0.13021068318008666,0.13559798051514216,-0.11101840520818473
