0.285874253425
0.305109035033
0.31880443213
0.303160488561
0.296465985634
0.292638752097
0.307221995154
0.29236083215
0.326667906057
0.314126670124
0.320455768186
0.318456154075
0.339329212126
0.363360312792
0.353009690995
0.39024614525
0.371982100787
0.357730301346
0.347909503472
0.363163014773
0.388264420333
0.398584415132
0.425041627034
0.439509165192
0.464005312161
0.514038289346
0.492958768243
0.507874799644
0.491985074034
0.4961276395
0.491487745045
0.456352749895
0.496487615374
0.486615756524
0.489087218964
0.499459901831
0.504582020231
0.461946698662
0.437792222979
0.450002291203
0.446146949253
0.435974818629
0.444487666677
0.460681218611
0.459131097187
0.478564220472
0.452125567311
0.418635059367
0.388951406094
0.403086010265
0.39174632168
0.380828779499
0.414324273791
0.381607355193
0.351737322296
0.349374017995
0.399253525269
0.414953558854
0.443486443907
0.455422699709
0.42764047642
0.421735498118
0.418924432797
0.422392888051
0.4429224899
0.431467816304
0.394991562109
0.411706582422
0.391788265778
0.439152757225
0.430492593515
0.421865399433
0.45550086998
0.430857100126
0.446041632824
0.443071561756
0.448328820728
0.423844600742
0.426227172023
0.386594390298
0.370900077545
0.374815657019
0.376122183905
0.344213757631
0.354383344841
0.33762342919
0.338275556252
0.363576284269
0.343218333404
0.363636809928
0.373249774134
0.344370213191
0.329063776147
0.331430952774
0.316863872578
0.29122932412
0.296799457962
0.298589840388
0.317636468818
0.342955911303
