0.297149656205
0.290306302533
0.278237683134
0.285921157861
0.287139773774
0.309272355936
0.322922798227
0.305598423209
0.32823321198
0.302631844688
0.30187752056
0.324293056625
0.332562488643
0.324170555378
0.320466204235
0.319090914975
0.327474126497
0.334673703696
0.343486710123
0.336948151056
0.321091998177
0.337413402521
0.31199228147
0.300757346265
0.286675719296
0.268284895118
0.270688116605
0.279927795512
0.300662463838
0.296432972423
0.290316254684
0.294938082309
0.295699677548
0.308697889574
0.320462829246
0.330999994394
0.327361420727
0.32519055981
0.345337260195
0.337824185558
0.317624062992
0.297176526739
0.312457526248
0.36504764277
0.345315617839
0.353781545978
0.342337889774
0.344063873499
0.341958389627
0.343836345832
0.342224535376
0.333592809543
0.316612700512
0.301908275957
0.298242752278
0.322115217671
0.304665407163
0.31232875329
0.302786688507
0.30758781389
0.308702481611
0.283406852104
0.300760119044
0.312781040859
0.304850088576
0.300054019452
0.29713346089
0.292503598246
0.263760820694
0.252910722834
0.256458115262
0.272524006922
0.271162132029
0.280546641932
0.281438108748
0.292432561766
0.297382393746
0.294408543641
0.267092221678
0.267796914194
0.291662589814
0.299449619582
0.302354532498
0.309306245195
0.288986754612
0.309921256303
0.317214030755
0.326995130945
0.328945293313
0.348098752627
0.36444523841
0.355991869941
0.363949809457
0.391568484697
0.409943389747
0.447420310036
0.448366287445
0.469144638773
0.447471133051
0.447251481389
